58 00010001
75 00000000
85 00020001
102 00010001
112 00030002
136 00010001
153 00000000
163 00020001
173 00040003
204 00010001
221 00000000
231 00020001
248 00010001
258 00030002
268 00050005
306 00010001
323 00000000
333 00020001
350 00010001
360 00030002
384 00010001
401 00000000
411 00020001
421 00040003
431 00060008
476 00010001
493 00000000
503 00020001
520 00010001
530 00030002
554 00010001
571 00000000
581 00020001
591 00040003
622 00010001
639 00000000
649 00020001
666 00010001
676 00030002
686 00050005
696 0007000d
